80301.65
74584.91
71918.79
69365.77
66906.53
64537.43
62254.39
60053.46
57930.78
55882.68
53905.62
51996.21
50159.36
48413.94
46756.98
45199.69
43738.55
42364.93
41071.2
39850.56
38696.94
37604.95
36569.72
35586.89
34652.52
33763.05
32915.27
32106.57
31330.96
30584.71
29866.09
29173.5
28505.47
27860.64
27237.73
26635.56
26053.04
25489.15
24942.93
24413.5
23900.02
23401.71
22917.85
22447.75
21990.82
21546.62
21114.77
20694.9
20286.66
19889.88
19503.09
19125.61
18756.34
18394.25
18038.35
17687.77
17341.62
16999.08
16659.55
16322.83
15988.88
15657.7
15329.24
15003.5
14680.44
14360.05
14042.3
13727.18
13414.65
13104.7
12797.3
12492.44
12190.1
11890.24
11592.86
11297.93
11005.69
10714.22
10422.64
10130.98
9839.26
9547.49
9255.7
8963.9
8672.11
8380.36
8088.67
7797.04
7505.51
7214.09
6922.8
6631.66
6340.68
6049.89
5759.3
5469.3
5180.98
4896.02
4615.92
4341.73
4074.41
3814.82
3563.69
3321.67
3089.25
2866.83
2654.69
2452.99
2261.8
2081.09
1910.76
1750.63
1600.44
1459.91
1328.7
1206.44
1092.73
987.15
889.29
798.72
715.02
637.76
566.54
500.95
440.61
385.16
334.24
287.52
244.69
205.44
169.51
136.62
106.54
79.04
53.92
30.96
10

